


Varying factor[1.0, 1.5, 2.0, 2.5, 3.0]
DFNodeAccess=[14013, 14013, 14013, 14013, 14013]
BFRecuNodeAccess=[11773, 11773, 11773, 11773, 11773]
DFCacheNodeAccess=[6262, 6806, 7167, 7432, 7634]
BFRecuCacheNodeAccess=[6262, 6748, 7041, 7245, 7397]

DFCalcCount=[153337, 153337, 153337, 153337, 153337]
BFRecuCalcCount=[129191, 129191, 129191, 129191, 129191]
DFCacheCalcCount=[64151, 70175, 74144, 77054, 79283]
BFRecuCacheCalcCount=[64151, 69596, 72874, 75153, 76855]

DFTime=[20376.0, 21295.0, 23045.0, 22085.0, 21541.0]
BFRecuTime=[17679.0, 18312.0, 19811.0, 19051.0, 18810.0]
DFCacheTime=[9044.0, 9895.0, 11943.0, 11379.0, 11603.0]
BFRecuCacheTime=[9069.0, 9787.0, 11368.0, 11090.0, 11239.0]




Varying bucketSize[10, 20, 30, 40, 50]
DFNodeAccess=[23708, 14013, 8216, 8215, 8215]
BFRecuNodeAccess=[19946, 11773, 6903, 6903, 6903]
DFCacheNodeAccess=[11822, 7167, 4316, 4315, 4315]
BFRecuCacheNodeAccess=[11617, 7041, 4240, 4239, 4239]

DFCalcCount=[132642, 153337, 179934, 179938, 179938]
BFRecuCalcCount=[112192, 129191, 151161, 151165, 151165]
DFCacheCalcCount=[63053, 74144, 88818, 88821, 88821]
BFRecuCacheCalcCount=[61997, 72874, 87271, 87274, 87274]

DFTime=[20085.0, 24918.0, 26737.0, 24282.0, 24794.0]
BFRecuTime=[17744.0, 21745.0, 21818.0, 21125.0, 21449.0]
DFCacheTime=[10061.0, 12650.0, 12615.0, 12470.0, 12617.0]
BFRecuCacheTime=[9864.0, 12468.0, 12395.0, 12251.0, 12418.0]




Varying dimension[10, 20, 30, 40, 50]
DFNodeAccess=[14013, 42026, 49418, 54742, 57875]
BFRecuNodeAccess=[11773, 39824, 48749, 53435, 55325]
DFCacheNodeAccess=[7167, 35754, 45207, 50809, 52681]
BFRecuCacheNodeAccess=[7041, 35336, 44922, 50620, 52376]

DFCalcCount=[153337, 584391, 713945, 807270, 861995]
BFRecuCalcCount=[129191, 550044, 703091, 785063, 818579]
DFCacheCalcCount=[74144, 487090, 647423, 742571, 776043]
BFRecuCacheCalcCount=[72874, 480876, 642905, 739434, 771132]

DFTime=[21928.0, 144243.0, 192848.0, 241593.0, 287735.0]
BFRecuTime=[19557.0, 135836.0, 188968.0, 233313.0, 269597.0]
DFCacheTime=[11397.0, 120520.0, 174291.0, 220322.0, 255172.0]
BFRecuCacheTime=[11185.0, 118730.0, 172727.0, 219288.0, 253195.0]




Varying sampleNB[100, 200, 300, 400, 500]
DFNodeAccess=[14537, 14349, 14013, 13553, 14382]
BFRecuNodeAccess=[11538, 11639, 11773, 11897, 11382]
DFCacheNodeAccess=[7529, 7294, 7167, 7131, 7026]
BFRecuCacheNodeAccess=[7408, 7171, 7041, 7003, 6896]

DFCalcCount=[160363, 157946, 153337, 148195, 161038]
BFRecuCalcCount=[124410, 127306, 129191, 131256, 124350]
DFCacheCalcCount=[77417, 75477, 74144, 73971, 73137]
BFRecuCacheCalcCount=[76166, 74242, 72874, 72673, 71796]

DFTime=[22116.0, 22315.0, 22555.0, 22851.0, 23347.0]
BFRecuTime=[17881.0, 18633.0, 19559.0, 20797.0, 18571.0]
DFCacheTime=[11294.0, 11114.0, 11351.0, 11361.0, 10988.0]
BFRecuCacheTime=[11196.0, 10948.0, 11178.0, 10964.0, 10786.0]




Varying k[10, 20, 30, 40, 50]
DFNodeAccess=[14013, 16007, 17314, 18317, 19117]
BFRecuNodeAccess=[11773, 13572, 14766, 15696, 16456]
DFCacheNodeAccess=[7167, 8820, 9935, 10814, 11527]
BFRecuCacheNodeAccess=[7041, 8661, 9752, 10609, 11320]

DFCalcCount=[153337, 178762, 195723, 208867, 219481]
BFRecuCalcCount=[129191, 151811, 167028, 178971, 188785]
DFCacheCalcCount=[74144, 93257, 106428, 116913, 125530]
BFRecuCacheCalcCount=[72874, 91603, 104511, 114734, 123305]

DFTime=[22542.0, 25558.0, 28429.0, 30332.0, 32097.0]
BFRecuTime=[19328.0, 22391.0, 24711.0, 26717.0, 28001.0]
DFCacheTime=[11115.0, 13846.0, 15693.0, 17152.0, 18605.0]
BFRecuCacheTime=[10941.0, 13625.0, 15406.0, 16848.0, 18290.0]


// New 2024/10/02





Varying factor[1.0, 1.5, 2.0, 2.5, 3.0]
DF_NodeAccess=[14442, 14442, 14442, 14442, 14442]
BF_NodeAccess=[11347, 11347, 11347, 11347, 11347]
DF_FIFO_NodeAccess=[13240, 13240, 13240, 13240, 13240]
BF_FIFO_NodeAccess=[10953, 10953, 10953, 10953, 10953]
DF_LRU_NodeAccess=[13219, 13219, 13219, 13219, 13219]
BF_LRU_NodeAccess=[10938, 10938, 10938, 10938, 10938]
DF_LFU_NodeAccess=[13342, 13342, 13342, 13342, 13342]
BF_LFU_NodeAccess=[11006, 11006, 11006, 11006, 11006]
DF_Best_NodeAccess=[6470, 7024, 7375, 7633, 7845]
BF_Best_NodeAccess=[6470, 6961, 7241, 7438, 7596]

DF_CalcCount=[159043, 159043, 159043, 159043, 159043]
BF_CalcCount=[122158, 122158, 122158, 122158, 122158]
DF_FIFO_CalcCount=[143523, 143523, 143523, 143523, 143523]
BF_FIFO_CalcCount=[117143, 117143, 117143, 117143, 117143]
DF_LRU_CalcCount=[143237, 143237, 143237, 143237, 143237]
BF_LRU_CalcCount=[116938, 116938, 116938, 116938, 116938]
DF_LFU_CalcCount=[144727, 144727, 144727, 144727, 144727]
BF_LFU_CalcCount=[117756, 117756, 117756, 117756, 117756]
DF_Best_CalcCount=[65638, 71753, 75598, 78444, 80774]
BF_Best_CalcCount=[65638, 71120, 74235, 76429, 78192]

DF_Time=[227079.0, 226348.0, 237480.0, 256000.0, 240767.0]
BF_Time=[176535.0, 181510.0, 200750.0, 194244.0, 243947.0]
DF_FIFO_Time=[206651.0, 232256.0, 219723.0, 218242.0, 219957.0]
BF_FIFO_Time=[170916.0, 172830.0, 179660.0, 179143.0, 181424.0]
DF_LRU_Time=[198881.0, 209082.0, 224596.0, 213953.0, 220295.0]
BF_LRU_Time=[171049.0, 184023.0, 181013.0, 176435.0, 181141.0]
DF_LFU_Time=[208536.0, 213767.0, 223042.0, 216262.0, 221444.0]
BF_LFU_Time=[171683.0, 189507.0, 197493.0, 177500.0, 182376.0]
DF_Best_Time=[96835.0, 106461.0, 129209.0, 120050.0, 126157.0]
BF_Best_Time=[96868.0, 108078.0, 131405.0, 115424.0, 122352.0]




Varying cacheSize[50, 100, 150, 200, 250]
DF_NodeAccess=[14442, 14442, 14442, 14442, 14442]
BF_NodeAccess=[11347, 11347, 11347, 11347, 11347]
DF_FIFO_NodeAccess=[13292, 13240, 13184, 13188, 13142]
BF_FIFO_NodeAccess=[10978, 10953, 10935, 10932, 10919]
DF_LRU_NodeAccess=[13310, 13219, 13188, 13156, 13130]
BF_LRU_NodeAccess=[10986, 10938, 10931, 10919, 10912]
DF_LFU_NodeAccess=[13580, 13342, 13297, 13141, 13243]
BF_LFU_NodeAccess=[11101, 11006, 10976, 10920, 10955]
DF_Best_NodeAccess=[6470, 6470, 6470, 6470, 6470]
BF_Best_NodeAccess=[6470, 6470, 6470, 6470, 6470]

DF_CalcCount=[159043, 159043, 159043, 159043, 159043]
BF_CalcCount=[122158, 122158, 122158, 122158, 122158]
DF_FIFO_CalcCount=[144167, 143523, 142797, 142842, 142284]
BF_FIFO_CalcCount=[117458, 117143, 116908, 116859, 116698]
DF_LRU_CalcCount=[144352, 143237, 142847, 142436, 142146]
BF_LRU_CalcCount=[117526, 116938, 116862, 116684, 116612]
DF_LFU_CalcCount=[147750, 144727, 144204, 142239, 143552]
BF_LFU_CalcCount=[118950, 117756, 117384, 116685, 117132]
DF_Best_CalcCount=[65638, 65638, 65638, 65638, 65638]
BF_Best_CalcCount=[65638, 65638, 65638, 65638, 65638]

DF_Time=[235118.0, 242344.0, 233743.0, 244408.0, 236803.0]
BF_Time=[185107.0, 189204.0, 182637.0, 190426.0, 185901.0]
DF_FIFO_Time=[216220.0, 217304.0, 213595.0, 221082.0, 214895.0]
BF_FIFO_Time=[178563.0, 178761.0, 178552.0, 182238.0, 178152.0]
DF_LRU_Time=[216747.0, 234370.0, 211679.0, 220724.0, 210727.0]
BF_LRU_Time=[178665.0, 179078.0, 175245.0, 182128.0, 177250.0]
DF_LFU_Time=[221238.0, 219073.0, 213784.0, 220345.0, 216039.0]
BF_LFU_Time=[180477.0, 180226.0, 176080.0, 181922.0, 178608.0]
DF_Best_Time=[99587.0, 100361.0, 98627.0, 102025.0, 99901.0]
BF_Best_Time=[99693.0, 100653.0, 98640.0, 101944.0, 98444.0]




Varying cacheUpdateThreshold[2.0, 2.5, 3.0, 3.5, 4.0]
DF_NodeAccess=[14442, 14442, 14442, 14442, 14442]
BF_NodeAccess=[11347, 11347, 11347, 11347, 11347]
DF_FIFO_NodeAccess=[13268, 13117, 13240, 13344, 13442]
BF_FIFO_NodeAccess=[10986, 10909, 10953, 11008, 11031]
DF_LRU_NodeAccess=[13231, 13060, 13219, 13362, 13417]
BF_LRU_NodeAccess=[10963, 10884, 10938, 11010, 11030]
DF_LFU_NodeAccess=[13441, 13348, 13342, 13365, 13385]
BF_LFU_NodeAccess=[11061, 11013, 11006, 11020, 11032]
DF_Best_NodeAccess=[6470, 6470, 6470, 6470, 6470]
BF_Best_NodeAccess=[6470, 6470, 6470, 6470, 6470]

DF_CalcCount=[159043, 159043, 159043, 159043, 159043]
BF_CalcCount=[122158, 122158, 122158, 122158, 122158]
DF_FIFO_CalcCount=[143718, 141894, 143523, 144826, 146057]
BF_FIFO_CalcCount=[117466, 116546, 117143, 117805, 118067]
DF_LRU_CalcCount=[143277, 141164, 143237, 145058, 145719]
BF_LRU_CalcCount=[117200, 116232, 116938, 117823, 118051]
DF_LFU_CalcCount=[145939, 144773, 144727, 145017, 145248]
BF_LFU_CalcCount=[118413, 117813, 117756, 117915, 118064]
DF_Best_CalcCount=[65638, 65638, 65638, 65638, 65638]
BF_Best_CalcCount=[65638, 65638, 65638, 65638, 65638]

DF_Time=[231386.0, 231824.0, 239073.0, 232540.0, 232319.0]
BF_Time=[181874.0, 182804.0, 187486.0, 182881.0, 182434.0]
DF_FIFO_Time=[238159.0, 208607.0, 210947.0, 214705.0, 214679.0]
BF_FIFO_Time=[220746.0, 174613.0, 174191.0, 175966.0, 176033.0]
DF_LRU_Time=[210430.0, 208674.0, 212511.0, 212533.0, 218492.0]
BF_LRU_Time=[173866.0, 174011.0, 174344.0, 175167.0, 179549.0]
DF_LFU_Time=[213798.0, 212525.0, 212864.0, 212926.0, 215460.0]
BF_LFU_Time=[175430.0, 175859.0, 175516.0, 176333.0, 176017.0]
DF_Best_Time=[97441.0, 99454.0, 99946.0, 98433.0, 99870.0]
BF_Best_Time=[97514.0, 99499.0, 99411.0, 98225.0, 100057.0]




Varying k[10, 20, 30, 40, 50]
DF_NodeAccess=[14442, 16507, 17842, 18854, 19681]
BF_NodeAccess=[11347, 13202, 14414, 15343, 16103]
DF_FIFO_NodeAccess=[13240, 15373, 16763, 17803, 18685]
BF_FIFO_NodeAccess=[10953, 12836, 14076, 15016, 15800]
DF_LRU_NodeAccess=[13219, 15364, 16772, 17810, 18688]
BF_LRU_NodeAccess=[10938, 12827, 14070, 15015, 15806]
DF_LFU_NodeAccess=[13342, 15466, 16827, 17882, 18726]
BF_LFU_NodeAccess=[11006, 12891, 14112, 15061, 15831]
DF_Best_NodeAccess=[6470, 7974, 8982, 9760, 10414]
BF_Best_NodeAccess=[6470, 7974, 8982, 9760, 10414]

DF_CalcCount=[159043, 185428, 202823, 216168, 227173]
BF_CalcCount=[122158, 145068, 160352, 172200, 181990]
DF_FIFO_CalcCount=[143523, 170366, 188231, 201781, 213385]
BF_FIFO_CalcCount=[117143, 140279, 155803, 167726, 177798]
DF_LRU_CalcCount=[143237, 170244, 188344, 201858, 213428]
BF_LRU_CalcCount=[116938, 140147, 155724, 167710, 177897]
DF_LFU_CalcCount=[144727, 171477, 188992, 202720, 213811]
BF_LFU_CalcCount=[117756, 140941, 156264, 168309, 178191]
DF_Best_CalcCount=[65638, 82698, 94387, 103542, 111278]
BF_Best_CalcCount=[65638, 82698, 94387, 103542, 111278]

DF_Time=[242814.0, 274123.0, 312714.0, 411114.0, 341407.0]
BF_Time=[188826.0, 218701.0, 249134.0, 266257.0, 275608.0]
DF_FIFO_Time=[219438.0, 259051.0, 321206.0, 301588.0, 321269.0]
BF_FIFO_Time=[180600.0, 215193.0, 290711.0, 251519.0, 269430.0]
DF_LRU_Time=[220172.0, 253913.0, 294939.0, 301790.0, 323323.0]
BF_LRU_Time=[180709.0, 210964.0, 287330.0, 251764.0, 269509.0]
DF_LFU_Time=[222029.0, 254883.0, 300101.0, 302876.0, 321864.0]
BF_LFU_Time=[181174.0, 212580.0, 247399.0, 252615.0, 268682.0]
DF_Best_Time=[100717.0, 124863.0, 184052.0, 153334.0, 164859.0]
BF_Best_Time=[100790.0, 124976.0, 170596.0, 153569.0, 164982.0]




Varying bucketSize[10, 20, 30, 40, 50]
DF_NodeAccess=[24507, 14442, 8449, 8449, 8449]
BF_NodeAccess=[19057, 11347, 6722, 6722, 6722]
DF_FIFO_NodeAccess=[22304, 13240, 7802, 7801, 7801]
BF_FIFO_NodeAccess=[18340, 10953, 6506, 6506, 6506]
DF_LRU_NodeAccess=[22265, 13219, 7791, 7791, 7791]
BF_LRU_NodeAccess=[18311, 10938, 6498, 6498, 6498]
DF_LFU_NodeAccess=[22483, 13342, 7859, 7859, 7859]
BF_LFU_NodeAccess=[18432, 11006, 6537, 6536, 6536]
DF_Best_NodeAccess=[10580, 6470, 3936, 3936, 3936]
BF_Best_NodeAccess=[10580, 6470, 3936, 3936, 3936]

DF_CalcCount=[137844, 159043, 185946, 185948, 185948]
BF_CalcCount=[105312, 122158, 143756, 143757, 143757]
DF_FIFO_CalcCount=[123653, 143523, 168898, 168900, 168900]
BF_FIFO_CalcCount=[100725, 117143, 138254, 138255, 138255]
DF_LRU_CalcCount=[123388, 143237, 168593, 168595, 168595]
BF_LRU_CalcCount=[100535, 116938, 138034, 138035, 138035]
DF_LFU_CalcCount=[124720, 144727, 170273, 170275, 170275]
BF_LFU_CalcCount=[101263, 117756, 138958, 138959, 138959]
DF_Best_CalcCount=[55493, 65638, 79035, 79036, 79036]
BF_Best_CalcCount=[55493, 65638, 79035, 79036, 79036]

DF_Time=[188370.0, 242126.0, 256789.0, 249682.0, 258072.0]
BF_Time=[144136.0, 188309.0, 193595.0, 196302.0, 193381.0]
DF_FIFO_Time=[173664.0, 189663.0, 214028.0, 198677.0, 210041.0]
BF_FIFO_Time=[142459.0, 156062.0, 176144.0, 164196.0, 173136.0]
DF_LRU_Time=[174171.0, 191753.0, 219509.0, 220216.0, 221038.0]
BF_LRU_Time=[143596.0, 156860.0, 176403.0, 181833.0, 173997.0]
DF_LFU_Time=[175775.0, 191805.0, 215300.0, 213882.0, 212099.0]
BF_LFU_Time=[143239.0, 157028.0, 177081.0, 166206.0, 174226.0]
DF_Best_Time=[78270.0, 87594.0, 105028.0, 103032.0, 104902.0]
BF_Best_Time=[77952.0, 86250.0, 103392.0, 103198.0, 104922.0]




Varying sampleNB[100, 200, 300, 400, 500]
DF_NodeAccess=[14442, 14204, 13877, 13496, 14209]
BF_NodeAccess=[11347, 11387, 11545, 11740, 11156]
DF_FIFO_NodeAccess=[13240, 13116, 12922, 12801, 12876]
BF_FIFO_NodeAccess=[10953, 10842, 10745, 10848, 10602]
DF_LRU_NodeAccess=[13219, 13083, 12894, 12778, 12849]
BF_LRU_NodeAccess=[10938, 10825, 10730, 10831, 10586]
DF_LFU_NodeAccess=[13342, 13237, 13048, 12877, 12989]
BF_LFU_NodeAccess=[11006, 10890, 10820, 10915, 10690]
DF_Best_NodeAccess=[6470, 6239, 6127, 6101, 6021]
BF_Best_NodeAccess=[6470, 6239, 6127, 6101, 6021]

DF_CalcCount=[159043, 156190, 151657, 147457, 158835]
BF_CalcCount=[122158, 124208, 126374, 129269, 121707]
DF_FIFO_CalcCount=[143523, 142172, 139733, 138813, 141526]
BF_FIFO_CalcCount=[117143, 116975, 115885, 117544, 114766]
DF_LRU_CalcCount=[143237, 141779, 139378, 138523, 141174]
BF_LRU_CalcCount=[116938, 116787, 115697, 117336, 114553]
DF_LFU_CalcCount=[144727, 143606, 141195, 139618, 142848]
BF_LFU_CalcCount=[117756, 117598, 116846, 118361, 115789]
DF_Best_CalcCount=[65638, 63724, 62589, 62509, 61912]
BF_Best_CalcCount=[65638, 63724, 62589, 62509, 61912]

DF_Time=[227654.0, 222989.0, 203317.0, 188835.0, 215105.0]
BF_Time=[179780.0, 180034.0, 175300.0, 167576.0, 164993.0]
DF_FIFO_Time=[190758.0, 179947.0, 184413.0, 174138.0, 191052.0]
BF_FIFO_Time=[157553.0, 148863.0, 151508.0, 148874.0, 155674.0]
DF_LRU_Time=[190581.0, 194926.0, 182738.0, 178552.0, 189118.0]
BF_LRU_Time=[158084.0, 149238.0, 155131.0, 150924.0, 154561.0]
DF_LFU_Time=[191650.0, 181570.0, 186391.0, 178594.0, 190327.0]
BF_LFU_Time=[159768.0, 149762.0, 157975.0, 150347.0, 156199.0]
DF_Best_Time=[95890.0, 92088.0, 82686.0, 80369.0, 82249.0]
BF_Best_Time=[90025.0, 91714.0, 82735.0, 79254.0, 82432.0]




Varying dimension[10, 20, 30, 40, 50]
DF_NodeAccess=[14537, 42536, 51046, 55781, 57424]
BF_NodeAccess=[11538, 40981, 49621, 54367, 55283]
DF_FIFO_NodeAccess=[13626, 42302, 50675, 55309, 57132]
BF_FIFO_NodeAccess=[11278, 40764, 49302, 54117, 55132]
DF_LRU_NodeAccess=[13616, 42300, 50672, 55308, 57132]
BF_LRU_NodeAccess=[11273, 40764, 49301, 54119, 55132]
DF_LFU_NodeAccess=[13939, 42440, 50784, 55594, 57156]
BF_LFU_NodeAccess=[11409, 40900, 49451, 54244, 55165]
DF_Best_NodeAccess=[6627, 35933, 45012, 50774, 52763]
BF_Best_NodeAccess=[6627, 35933, 45012, 50774, 52763]

DF_CalcCount=[160363, 587898, 738582, 822419, 851450]
BF_CalcCount=[124410, 563373, 715214, 798810, 815715]
DF_FIFO_CalcCount=[148441, 584226, 732412, 814680, 846448]
BF_FIFO_CalcCount=[121040, 559902, 710058, 794633, 813235]
DF_LRU_CalcCount=[148307, 584207, 732357, 814651, 846444]
BF_LRU_CalcCount=[120978, 559901, 710038, 794673, 813225]
DF_LFU_CalcCount=[152332, 586300, 734098, 819375, 846800]
BF_LFU_CalcCount=[122599, 561928, 712348, 796762, 813730]
DF_Best_CalcCount=[67431, 484834, 641425, 740076, 774300]
BF_Best_CalcCount=[67431, 484834, 641425, 740076, 774300]

DF_Time=[21362.0, 140118.0, 189726.0, 239527.0, 264177.0]
BF_Time=[16609.0, 134434.0, 185914.0, 230718.0, 251765.0]
DF_FIFO_Time=[20413.0, 139148.0, 190155.0, 235598.0, 261415.0]
BF_FIFO_Time=[16863.0, 133527.0, 184438.0, 231784.0, 247992.0]
DF_LRU_Time=[20360.0, 139181.0, 186836.0, 234004.0, 258809.0]
BF_LRU_Time=[16824.0, 133559.0, 181277.0, 228018.0, 249841.0]
DF_LFU_Time=[20823.0, 139636.0, 187316.0, 235043.0, 260676.0]
BF_LFU_Time=[17039.0, 133987.0, 184501.0, 228603.0, 251499.0]
DF_Best_Time=[9248.0, 114895.0, 163582.0, 212553.0, 236248.0]
BF_Best_Time=[9272.0, 115388.0, 163372.0, 213998.0, 237392.0]




Varying cacheSize[1000, 2000, 3000, 4000, 5000]
DF_NodeAccess=[0, 0, 0, 0, 0]
BF_NodeAccess=[3244, 3244, 3244, 3244, 3244]
DF_FIFO_NodeAccess=[0, 0, 0, 0, 0]
BF_FIFO_NodeAccess=[3189, 3183, 3172, 3162, 3153]
DF_LRU_NodeAccess=[0, 0, 0, 0, 0]
BF_LRU_NodeAccess=[3189, 3183, 3172, 3162, 3153]
DF_LFU_NodeAccess=[0, 0, 0, 0, 0]
BF_LFU_NodeAccess=[3189, 3183, 3172, 3162, 3153]
DF_Best_NodeAccess=[0, 0, 0, 0, 0]
BF_Best_NodeAccess=[2359, 2359, 2359, 2359, 2359]
DF_Global_Object_NodeAccess=[0, 0, 0, 0, 0]
BF_Global_Object_NodeAccess=[2661, 2661, 2661, 2661, 2661]
DF_Global_Query_NodeAccess=[0, 0, 0, 0, 0]
BF_Global_Query_NodeAccess=[3091, 3091, 3091, 3091, 3091]

DF_CalcCount=[0, 0, 0, 0, 0]
BF_CalcCount=[33843, 33843, 33843, 33843, 33843]
DF_FIFO_CalcCount=[0, 0, 0, 0, 0]
BF_FIFO_CalcCount=[33189, 33109, 32966, 32835, 32732]
DF_LRU_CalcCount=[0, 0, 0, 0, 0]
BF_LRU_CalcCount=[33188, 33109, 32966, 32835, 32732]
DF_LFU_CalcCount=[0, 0, 0, 0, 0]
BF_LFU_CalcCount=[33188, 33108, 32966, 32835, 32732]
DF_Best_CalcCount=[0, 0, 0, 0, 0]
BF_Best_CalcCount=[23550, 23550, 23550, 23550, 23550]
DF_Global_Object_CalcCount=[0, 0, 0, 0, 0]
BF_Global_Object_CalcCount=[26989, 26989, 26989, 26989, 26989]
DF_Global_Query_CalcCount=[0, 0, 0, 0, 0]
BF_Global_Query_CalcCount=[32020, 32020, 32020, 32020, 32020]


DF_Time=[0.0, 0.0, 0.0, 0.0, 0.0]
BF_Time=[23588.0, 23046.0, 23204.0, 22887.0, 23986.0]
DF_FIFO_Time=[0.0, 0.0, 0.0, 0.0, 0.0]
BF_FIFO_Time=[23353.0, 21251.0, 23618.0, 23313.0, 24933.0]
DF_LRU_Time=[0.0, 0.0, 0.0, 0.0, 0.0]
BF_LRU_Time=[23415.0, 21272.0, 23644.0, 23610.0, 24952.0]
DF_LFU_Time=[0.0, 0.0, 0.0, 0.0, 0.0]
BF_LFU_Time=[23320.0, 21177.0, 23507.0, 23304.0, 24742.0]
DF_Best_Time=[0.0, 0.0, 0.0, 0.0, 0.0]
BF_Best_Time=[15572.0, 13982.0, 15341.0, 14866.0, 15940.0]
DF_Global_Object_Time=[0.0, 0.0, 0.0, 0.0, 0.0]
BF_Global_Object_Time=[45880.0, 44207.0, 46056.0, 46775.0, 48070.0]
DF_Global_Query_Time=[0.0, 0.0, 0.0, 0.0, 0.0]
BF_Global_Query_Time=[24768.0, 21827.0, 23985.0, 23521.0, 25113.0]



Varying dimension[10, 20, 30, 40, 50]
DF_NodeAccess=[0, 0, 0, 0, 0]
BF_NodeAccess=[3244, 6815, 7329, 7586, 7693]
DF_FIFO_NodeAccess=[0, 0, 0, 0, 0]
BF_FIFO_NodeAccess=[3195, 6795, 7289, 7564, 7668]
DF_LRU_NodeAccess=[0, 0, 0, 0, 0]
BF_LRU_NodeAccess=[3195, 6795, 7289, 7565, 7668]
DF_LFU_NodeAccess=[0, 0, 0, 0, 0]
BF_LFU_NodeAccess=[3211, 6797, 7303, 7568, 7677]
DF_Best_NodeAccess=[0, 0, 0, 0, 0]
BF_Best_NodeAccess=[2359, 6436, 6981, 7366, 7498]
DF_Global_Object_NodeAccess=[0, 0, 0, 0, 0]
BF_Global_Object_NodeAccess=[2661, 6598, 7098, 7436, 7563]
DF_Global_Query_NodeAccess=[0, 0, 0, 0, 0]
BF_Global_Query_NodeAccess=[3091, 6768, 7258, 7534, 7644]

DF_CalcCount=[0, 0, 0, 0, 0]
BF_CalcCount=[33843, 84776, 93623, 97971, 99816]
DF_FIFO_CalcCount=[0, 0, 0, 0, 0]
BF_FIFO_CalcCount=[33260, 84491, 93025, 97668, 99451]
DF_LRU_CalcCount=[0, 0, 0, 0, 0]
BF_LRU_CalcCount=[33259, 84490, 93031, 97675, 99451]
DF_LFU_CalcCount=[0, 0, 0, 0, 0]
BF_LFU_CalcCount=[33437, 84505, 93241, 97709, 99579]
DF_Best_CalcCount=[0, 0, 0, 0, 0]
BF_Best_CalcCount=[23550, 79118, 88492, 94658, 96841]
DF_Global_Object_CalcCount=[0, 0, 0, 0, 0]
BF_Global_Object_CalcCount=[26989, 81554, 90245, 95728, 97853]
DF_Global_Query_CalcCount=[0, 0, 0, 0, 0]
BF_Global_Query_CalcCount=[32020, 84101, 92581, 97201, 99081]


DF_Time=[0.0, 0.0, 0.0, 0.0, 0.0]
BF_Time=[25128.0, 152564.0, 203161.0, 260770.0, 308075.0]
DF_FIFO_Time=[0.0, 0.0, 0.0, 0.0, 0.0]
BF_FIFO_Time=[22713.0, 131920.0, 191204.0, 245390.0, 276953.0]
DF_LRU_Time=[0.0, 0.0, 0.0, 0.0, 0.0]
BF_LRU_Time=[22717.0, 143866.0, 191141.0, 245569.0, 275155.0]
DF_LFU_Time=[0.0, 0.0, 0.0, 0.0, 0.0]
BF_LFU_Time=[22831.0, 143327.0, 191829.0, 245522.0, 276729.0]
DF_Best_Time=[0.0, 0.0, 0.0, 0.0, 0.0]
BF_Best_Time=[15261.0, 132998.0, 180779.0, 237425.0, 267360.0]
DF_Global_Object_Time=[0.0, 0.0, 0.0, 0.0, 0.0]
BF_Global_Object_Time=[47233.0, 188977.0, 251857.0, 315076.0, 358970.0]
DF_Global_Query_Time=[0.0, 0.0, 0.0, 0.0, 0.0]
BF_Global_Query_Time=[24232.0, 139925.0, 199582.0, 255745.0, 289301.0]
