
*** SIFT ***
Data: sift      qSize: 1000     dbSize: 1000000         k: 10   dim: 10         sample: 300     Bucket Size:20  factor: 1.000000

Varying dimension[10, 20, 30, 40, 50]
DFNodeAccess=[4094, 9551, 19763, 25918, 29363]
BFRecuNodeAccess=[2950, 7461, 14988, 21305, 23515]
DFCacheNodeAccess=[621, 3707, 9876, 16573, 17460]
BFRecuCacheNodeAccess=[618, 3664, 9766, 16392, 17337]

DFCalcCount=[44048, 114065, 253134, 345785, 408591]
BFRecuCalcCount=[31335, 86949, 189579, 282833, 326932]
DFCacheCalcCount=[5751, 40963, 120892, 215582, 236758]
BFRecuCacheCalcCount=[5722, 40480, 119552, 213256, 235229]

DFTime=[4873.0, 26522.0, 70510.0, 103203.0, 134466.0]
BFRecuTime=[3613.0, 20619.0, 53700.0, 83640.0, 107050.0]
DFCacheTime=[837.0, 9706.0, 33021.0, 64142.0, 77978.0]
BFRecuCacheTime=[801.0, 9597.0, 32663.0, 63382.0, 77379.0]


Varying sampleNB[100, 200, 300, 400, 500]
DFNodeAccess=[3776, 3612, 4094, 3937, 3119]
BFRecuNodeAccess=[2980, 2948, 2950, 2786, 2809]
DFCacheNodeAccess=[667, 642, 621, 626, 639]
BFRecuCacheNodeAccess=[664, 638, 618, 623, 631]

DFCalcCount=[39915, 38185, 44048, 42325, 32314]
BFRecuCalcCount=[31072, 31065, 31335, 29435, 29415]
DFCacheCalcCount=[6096, 5913, 5751, 5800, 5904]
BFRecuCacheCalcCount=[6060, 5875, 5722, 5773, 5830]

DFTime=[4477.0, 4350.0, 5060.0, 4981.0, 3801.0]
BFRecuTime=[3826.0, 3851.0, 3851.0, 3698.0, 3718.0]
DFCacheTime=[843.0, 824.0, 793.0, 828.0, 823.0]
BFRecuCacheTime=[839.0, 818.0, 790.0, 842.0, 816.0]




Varying k[10, 20, 30, 40, 50]
DFNodeAccess=[4094, 4567, 4884, 5127, 5331]
BFRecuNodeAccess=[2950, 3315, 3564, 3754, 3918]
DFCacheNodeAccess=[621, 785, 897, 991, 1067]
BFRecuCacheNodeAccess=[618, 781, 891, 985, 1061]

DFCalcCount=[44048, 50076, 54171, 57358, 60046]
BFRecuCalcCount=[31335, 35926, 39081, 41538, 43636]
DFCacheCalcCount=[5751, 7477, 8678, 9703, 10552]
BFRecuCacheCalcCount=[5722, 7435, 8628, 9645, 10490]

DFTime=[4942.0, 5905.0, 6309.0, 6697.0, 7031.0]
BFRecuTime=[3766.0, 4493.0, 4923.0, 5285.0, 5540.0]
DFCacheTime=[787.0, 1017.0, 1193.0, 1321.0, 1434.0]
BFRecuCacheTime=[784.0, 1011.0, 1185.0, 1317.0, 1430.0]



Varying factor[1.0, 1.5, 2.0, 2.5, 3.0]
DFNodeAccess=[4094, 4094, 4094, 4094, 4094]
BFRecuNodeAccess=[2950, 2950, 2950, 2950, 2950]
DFCacheNodeAccess=[536, 586, 621, 649, 672]
BFRecuCacheNodeAccess=[536, 585, 618, 644, 665]

DFCalcCount=[44048, 44048, 44048, 44048, 44048]
BFRecuCalcCount=[31335, 31335, 31335, 31335, 31335]
DFCacheCalcCount=[4881, 5394, 5751, 6028, 6257]
BFRecuCacheCalcCount=[4881, 5382, 5722, 5983, 6195]


Varying bucketSize[10, 20, 30, 40, 50]
DFNodeAccess=[6865, 4094, 2552, 2467, 2467]
BFRecuNodeAccess=[4920, 2950, 1845, 1788, 1788]
DFCacheNodeAccess=[977, 621, 408, 401, 401]
BFRecuCacheNodeAccess=[972, 618, 406, 399, 399]

DFCalcCount=[39345, 44048, 50448, 50760, 50760]
BFRecuCalcCount=[27941, 31335, 36046, 36256, 36256]
DFCacheCalcCount=[4950, 5751, 6892, 6930, 6930]
BFRecuCacheCalcCount=[4926, 5722, 6857, 6895, 6895]

DFTime=[4955.0, 5574.0, 5765.0, 5734.0, 5853.0]
BFRecuTime=[3573.0, 4220.0, 4431.0, 4313.0, 4485.0]
DFCacheTime=[791.0, 844.0, 917.0, 940.0, 946.0]
BFRecuCacheTime=[757.0, 836.0, 912.0, 910.0, 941.0]

// New 2024/10/06



Varying factor[1.0, 1.5, 2.0, 2.5, 3.0]
DF_NodeAccess=[3686, 3686, 3686, 3686, 3686]
BF_NodeAccess=[2865, 2865, 2865, 2865, 2865]
DF_FIFO_NodeAccess=[1721, 1721, 1721, 1721, 1721]
BF_FIFO_NodeAccess=[1532, 1532, 1532, 1532, 1532]
DF_LRU_NodeAccess=[1698, 1698, 1698, 1698, 1698]
BF_LRU_NodeAccess=[1515, 1515, 1515, 1515, 1515]
DF_LFU_NodeAccess=[1978, 1978, 1978, 1978, 1978]
BF_LFU_NodeAccess=[1710, 1710, 1710, 1710, 1710]
DF_Best_NodeAccess=[559, 614, 651, 682, 706]
BF_Best_NodeAccess=[559, 612, 647, 675, 697]

DF_CalcCount=[38882, 38882, 38882, 38882, 38882]
BF_CalcCount=[29781, 29781, 29781, 29781, 29781]
DF_FIFO_CalcCount=[16767, 16767, 16767, 16767, 16767]
BF_FIFO_CalcCount=[14853, 14853, 14853, 14853, 14853]
DF_LRU_CalcCount=[16520, 16520, 16520, 16520, 16520]
BF_LRU_CalcCount=[14669, 14669, 14669, 14669, 14669]
DF_LFU_CalcCount=[19580, 19580, 19580, 19580, 19580]
BF_LFU_CalcCount=[16786, 16786, 16786, 16786, 16786]
DF_Best_CalcCount=[5017, 5565, 5938, 6237, 6476]
BF_Best_CalcCount=[5017, 5544, 5896, 6172, 6392]

DF_Time=[38118.0, 39433.0, 40660.0, 42750.0, 55340.0]
BF_Time=[30536.0, 31885.0, 33038.0, 34381.0, 44866.0]
DF_FIFO_Time=[19730.0, 19598.0, 20836.0, 20642.0, 20749.0]
BF_FIFO_Time=[17476.0, 17307.0, 18410.0, 18347.0, 18492.0]
DF_LRU_Time=[18288.0, 19713.0, 20388.0, 20815.0, 20537.0]
BF_LRU_Time=[17172.0, 17555.0, 18211.0, 18246.0, 18303.0]
DF_LFU_Time=[21791.0, 22299.0, 23694.0, 23636.0, 23721.0]
BF_LFU_Time=[19229.0, 19490.0, 20555.0, 20529.0, 20630.0]
DF_Best_Time=[5783.0, 6812.0, 7716.0, 7946.0, 8308.0]
BF_Best_Time=[5757.0, 6723.0, 7468.0, 8027.0, 8177.0]




Varying cacheSize[50, 100, 150, 200, 250]
DF_NodeAccess=[3686, 3686, 3686, 3686, 3686]
BF_NodeAccess=[2865, 2865, 2865, 2865, 2865]
DF_FIFO_NodeAccess=[1875, 1721, 1670, 1644, 1647]
BF_FIFO_NodeAccess=[1651, 1532, 1487, 1460, 1453]
DF_LRU_NodeAccess=[1853, 1698, 1653, 1639, 1645]
BF_LRU_NodeAccess=[1636, 1515, 1472, 1455, 1452]
DF_LFU_NodeAccess=[2081, 1978, 2052, 1908, 1905]
BF_LFU_NodeAccess=[1799, 1710, 1768, 1672, 1630]
DF_Best_NodeAccess=[559, 559, 559, 559, 559]
BF_Best_NodeAccess=[559, 559, 559, 559, 559]

DF_CalcCount=[38882, 38882, 38882, 38882, 38882]
BF_CalcCount=[29781, 29781, 29781, 29781, 29781]
DF_FIFO_CalcCount=[18342, 16767, 16256, 16007, 16055]
BF_FIFO_CalcCount=[16077, 14853, 14388, 14116, 14061]
DF_LRU_CalcCount=[18102, 16520, 16072, 15954, 16030]
BF_LRU_CalcCount=[15921, 14669, 14231, 14069, 14040]
DF_LFU_CalcCount=[20642, 19580, 20369, 18882, 18811]
BF_LFU_CalcCount=[17722, 16786, 17395, 16413, 15927]
DF_Best_CalcCount=[5017, 5017, 5017, 5017, 5017]
BF_Best_CalcCount=[5017, 5017, 5017, 5017, 5017]

DF_Time=[42520.0, 43403.0, 54336.0, 41615.0, 45279.0]
BF_Time=[34131.0, 34830.0, 43922.0, 33582.0, 36428.0]
DF_FIFO_Time=[22482.0, 20583.0, 19937.0, 19512.0, 21167.0]
BF_FIFO_Time=[19636.0, 18281.0, 17665.0, 17264.0, 18558.0]
DF_LRU_Time=[22182.0, 20898.0, 19595.0, 19467.0, 21106.0]
BF_LRU_Time=[19542.0, 18533.0, 17440.0, 17248.0, 18446.0]
DF_LFU_Time=[24816.0, 24109.0, 24038.0, 22313.0, 24176.0]
BF_LFU_Time=[21538.0, 20362.0, 20902.0, 19710.0, 20812.0]
DF_Best_Time=[6376.0, 6467.0, 6411.0, 6291.0, 6713.0]
BF_Best_Time=[6427.0, 6494.0, 6259.0, 6278.0, 6737.0]




Varying cacheUpdateThreshold[2.0, 2.5, 3.0, 3.5, 4.0]
DF_NodeAccess=[3686, 3686, 3686, 3686, 3686]
BF_NodeAccess=[2865, 2865, 2865, 2865, 2865]
DF_FIFO_NodeAccess=[1771, 1742, 1721, 1735, 1786]
BF_FIFO_NodeAccess=[1568, 1546, 1532, 1540, 1577]
DF_LRU_NodeAccess=[1771, 1733, 1698, 1724, 1777]
BF_LRU_NodeAccess=[1567, 1541, 1515, 1531, 1569]
DF_LFU_NodeAccess=[2024, 2003, 1978, 1978, 1970]
BF_LFU_NodeAccess=[1750, 1734, 1710, 1710, 1705]
DF_Best_NodeAccess=[559, 559, 559, 559, 559]
BF_Best_NodeAccess=[559, 559, 559, 559, 559]

DF_CalcCount=[38882, 38882, 38882, 38882, 38882]
BF_CalcCount=[29781, 29781, 29781, 29781, 29781]
DF_FIFO_CalcCount=[17249, 16957, 16767, 16919, 17467]
BF_FIFO_CalcCount=[15200, 14979, 14853, 14948, 15346]
DF_LRU_CalcCount=[17240, 16855, 16520, 16801, 17376]
BF_LRU_CalcCount=[15188, 14922, 14669, 14851, 15258]
DF_LFU_CalcCount=[20078, 19843, 19580, 19594, 19509]
BF_LFU_CalcCount=[17209, 17038, 16786, 16793, 16740]
DF_Best_CalcCount=[5017, 5017, 5017, 5017, 5017]
BF_Best_CalcCount=[5017, 5017, 5017, 5017, 5017]

DF_Time=[43453.0, 43199.0, 42079.0, 41395.0, 44388.0]
BF_Time=[34637.0, 36557.0, 35173.0, 34149.0, 35812.0]
DF_FIFO_Time=[21483.0, 22215.0, 21424.0, 21333.0, 22350.0]
BF_FIFO_Time=[18952.0, 19664.0, 18969.0, 18084.0, 19650.0]
DF_LRU_Time=[21516.0, 22193.0, 21135.0, 21033.0, 22182.0]
BF_LRU_Time=[18952.0, 19700.0, 18771.0, 18659.0, 19605.0]
DF_LFU_Time=[24335.0, 25416.0, 24426.0, 24106.0, 24452.0]
BF_LFU_Time=[21189.0, 22077.0, 21192.0, 20916.0, 21299.0]
DF_Best_Time=[6469.0, 6731.0, 6548.0, 6436.0, 6601.0]
BF_Best_Time=[6508.0, 6741.0, 6600.0, 6419.0, 6587.0]




Varying k[10, 20, 30, 40, 50]
DF_NodeAccess=[3686, 4152, 4470, 4721, 4932]
BF_NodeAccess=[2865, 3218, 3460, 3652, 3813]
DF_FIFO_NodeAccess=[1721, 2028, 2236, 2399, 2543] 1
BF_FIFO_NodeAccess=[1532, 1802, 1984, 2130, 2254] 1
DF_LRU_NodeAccess=[1698, 2010, 2223, 2381, 2538] 1
BF_LRU_NodeAccess=[1515, 1788, 1970, 2116, 2249] 1
DF_LFU_NodeAccess=[1978, 2315, 2535, 2714, 2859]
BF_LFU_NodeAccess=[1710, 2000, 2191, 2343, 2471]
DF_Best_NodeAccess=[559, 701, 802, 883, 952]
BF_Best_NodeAccess=[559, 701, 802, 883, 952]

DF_CalcCount=[38882, 44697, 48705, 51892, 54577]
BF_CalcCount=[29781, 34145, 37170, 39582, 41611]
DF_FIFO_CalcCount=[16767, 20234, 22638, 24530, 26211]
BF_FIFO_CalcCount=[14853, 17903, 20012, 21696, 23142]
DF_LRU_CalcCount=[16520, 20040, 22479, 24330, 26157]
BF_LRU_CalcCount=[14669, 17747, 19850, 21534, 23087]
DF_LFU_CalcCount=[19580, 23465, 26028, 28151, 29892]
BF_LFU_CalcCount=[16786, 20116, 22339, 24122, 25657]
DF_Best_CalcCount=[5017, 6474, 7536, 8389, 9132]
BF_Best_CalcCount=[5017, 6474, 7536, 8389, 9132]

DF_Time=[42631.0, 47767.0, 52023.0, 67301.0, 70999.0]
BF_Time=[34487.0, 42935.0, 44672.0, 52830.0, 57086.0]
DF_FIFO_Time=[21355.0, 27129.0, 30346.0, 33719.0, 31572.0]
BF_FIFO_Time=[19060.0, 23963.0, 26741.0, 29691.0, 27901.0]
DF_LRU_Time=[20808.0, 26776.0, 30584.0, 33507.0, 36232.0]
BF_LRU_Time=[18552.0, 23631.0, 27018.0, 29581.0, 31679.0]
DF_LFU_Time=[24375.0, 30711.0, 34629.0, 38370.0, 40545.0]
BF_LFU_Time=[21152.0, 26610.0, 29650.0, 33034.0, 32684.0]
DF_Best_Time=[6463.0, 8724.0, 10043.0, 11456.0, 12638.0]
BF_Best_Time=[6491.0, 8720.0, 10347.0, 11447.0, 12671.0]




Varying dimension[10, 20, 30, 40, 50]
DF_NodeAccess=[3686, 9968, 19756, 25329, 34948]
BF_NodeAccess=[2865, 7356, 14598, 21522, 22609]
DF_FIFO_NodeAccess=[1721, 7038, 16042, 23487, 26733]
BF_FIFO_NodeAccess=[1532, 6074, 13470, 20404, 21512]
DF_LRU_NodeAccess=[1698, 7013, 16028, 23487, 26720]
BF_LRU_NodeAccess=[1515, 6067, 13470, 20405, 21504]
DF_LFU_NodeAccess=[1978, 7344, 16202, 23372, 26668]
BF_LFU_NodeAccess=[1710, 6199, 13541, 20444, 21613]
DF_Best_NodeAccess=[559, 3300, 8899, 15245, 16452]
BF_Best_NodeAccess=[559, 3300, 8899, 15245, 16452]

DF_CalcCount=[38882, 117564, 249891, 336441, 492141]
BF_CalcCount=[29781, 85227, 182726, 285038, 310294]
DF_FIFO_CalcCount=[16767, 80207, 200218, 310113, 366245]
BF_FIFO_CalcCount=[14853, 69129, 167638, 269143, 294272]
DF_LRU_CalcCount=[16520, 79901, 200025, 310096, 366045]
BF_LRU_CalcCount=[14669, 69046, 167630, 269152, 294144]
DF_LFU_CalcCount=[19580, 83998, 202348, 308424, 365677]
BF_LFU_CalcCount=[16786, 70650, 168521, 269621, 295687]
DF_Best_CalcCount=[5017, 35878, 107164, 195833, 220295]
BF_Best_CalcCount=[5017, 35878, 107164, 195833, 220295]

DF_Time=[45934.0, 275662.0, 643109.0, 989952.0, 1595133.0]
BF_Time=[36538.0, 203845.0, 478012.0, 847762.0, 1015613.0]
DF_FIFO_Time=[21617.0, 188221.0, 518928.0, 908509.0, 1235282.0]
BF_FIFO_Time=[19176.0, 161792.0, 433778.0, 792195.0, 989971.0]
DF_LRU_Time=[21459.0, 191140.0, 524448.0, 909744.0, 1234851.0]
BF_LRU_Time=[19060.0, 164584.0, 435144.0, 797924.0, 990757.0]
DF_LFU_Time=[24751.0, 200180.0, 522683.0, 903697.0, 1231777.0]
BF_LFU_Time=[21447.0, 168173.0, 434380.0, 793810.0, 995133.0]
DF_Best_Time=[6624.0, 87589.0, 283790.0, 583269.0, 739472.0]
BF_Best_Time=[6638.0, 86950.0, 282688.0, 581631.0, 746904.0]




Varying bucketSize[10, 20, 30, 40, 50]
DF_NodeAccess=[6130, 3686, 2304, 2243, 2243]
BF_NodeAccess=[4734, 2865, 1794, 1751, 1751]
DF_FIFO_NodeAccess=[2764, 1721, 1105, 1085, 1084]
BF_FIFO_NodeAccess=[2455, 1532, 985, 967, 967]
DF_LRU_NodeAccess=[2726, 1698, 1091, 1070, 1070]
BF_LRU_NodeAccess=[2427, 1515, 975, 956, 956]
DF_LFU_NodeAccess=[3197, 1978, 1264, 1238, 1238]
BF_LFU_NodeAccess=[2754, 1710, 1095, 1073, 1073]
DF_Best_NodeAccess=[868, 559, 371, 365, 365]
BF_Best_NodeAccess=[868, 559, 371, 365, 365]

DF_CalcCount=[34578, 38882, 44858, 45070, 45070]
BF_CalcCount=[26330, 29781, 34614, 34780, 34780]
DF_FIFO_CalcCount=[14560, 16767, 19891, 19997, 19997]
BF_FIFO_CalcCount=[12865, 14853, 17663, 17761, 17761]
DF_LRU_CalcCount=[14346, 16520, 19605, 19705, 19705]
BF_LRU_CalcCount=[12704, 14669, 17451, 17545, 17545]
DF_LFU_CalcCount=[17077, 19580, 23098, 23229, 23229]
BF_LFU_CalcCount=[14588, 16786, 19880, 20002, 20002]
DF_Best_CalcCount=[4283, 5017, 6081, 6115, 6115]
BF_Best_CalcCount=[4283, 5017, 6081, 6115, 6115]

DF_Time=[44772.0, 44816.0, 50732.0, 45419.0, 43645.0]
BF_Time=[35431.0, 36063.0, 40944.0, 36799.0, 35525.0]
DF_FIFO_Time=[21113.0, 21665.0, 24878.0, 22806.0, 23772.0]
BF_FIFO_Time=[18656.0, 19209.0, 22271.0, 20282.0, 21139.0]
DF_LRU_Time=[20859.0, 21417.0, 24625.0, 22587.0, 23445.0]
BF_LRU_Time=[18501.0, 19035.0, 21983.0, 20104.0, 20894.0]
DF_LFU_Time=[24239.0, 24685.0, 28554.0, 25828.0, 26966.0]
BF_LFU_Time=[20902.0, 21421.0, 24671.0, 22514.0, 23465.0]
DF_Best_Time=[6365.0, 6506.0, 7824.0, 7175.0, 6924.0]
BF_Best_Time=[6338.0, 6676.0, 7824.0, 7174.0, 7416.0]




Varying sampleNB[100, 200, 300, 400, 500]
DF_NodeAccess=[3686, 3528, 3999, 3832, 3089]
BF_NodeAccess=[2865, 2855, 2845, 2679, 2747]
DF_FIFO_NodeAccess=[1721, 1622, 1580, 1590, 1603]
BF_FIFO_NodeAccess=[1532, 1457, 1425, 1434, 1428]
DF_LRU_NodeAccess=[1698, 1604, 1563, 1573, 1594]
BF_LRU_NodeAccess=[1515, 1443, 1410, 1418, 1417]
DF_LFU_NodeAccess=[1978, 1871, 1878, 1874, 1818]
BF_LFU_NodeAccess=[1710, 1645, 1611, 1601, 1608]
DF_Best_NodeAccess=[559, 532, 519, 520, 531]
BF_Best_NodeAccess=[559, 532, 519, 520, 531]

DF_CalcCount=[38882, 37234, 42954, 41093, 31965]
BF_CalcCount=[29781, 30038, 30160, 28228, 28754]
DF_FIFO_CalcCount=[16767, 15947, 15675, 15766, 15617]
BF_FIFO_CalcCount=[14853, 14247, 14021, 14106, 13974]
DF_LRU_CalcCount=[16520, 15751, 15491, 15574, 15520]
BF_LRU_CalcCount=[14669, 14089, 13858, 13931, 13856]
DF_LFU_CalcCount=[19580, 18662, 18956, 18889, 17900]
BF_LFU_CalcCount=[16786, 16312, 16071, 15935, 15930]
DF_Best_CalcCount=[5017, 4831, 4736, 4748, 4834]
BF_Best_CalcCount=[5017, 4831, 4736, 4748, 4834]

DF_Time=[43526.0, 45859.0, 48407.0, 50650.0, 31494.0]
BF_Time=[34629.0, 38595.0, 38506.0, 36239.0, 30408.0]
DF_FIFO_Time=[20945.0, 21589.0, 20919.0, 21357.0, 18222.0]
BF_FIFO_Time=[18530.0, 19274.0, 18650.0, 19035.0, 18042.0]
DF_LRU_Time=[20663.0, 21453.0, 20614.0, 21029.0, 17785.0]
BF_LRU_Time=[18354.0, 19155.0, 18449.0, 18781.0, 16345.0]
DF_LFU_Time=[23813.0, 24774.0, 24775.0, 25035.0, 19901.0]
BF_LFU_Time=[20658.0, 21795.0, 21247.0, 21295.0, 18357.0]
DF_Best_Time=[6418.0, 6562.0, 6272.0, 6429.0, 5729.0]
BF_Best_Time=[6414.0, 6557.0, 6305.0, 6406.0, 5730.0]

